FROM=0
UPTO=3600

ASPECT_RATIO=1.5
SHRINK_RATIO = 0.99
FILESIZE_HEIGHT=1000
START_X = -1.21990088
START_Y = 0.335100082
DEFAULT_WIDTH = 0.2
DEFAULT_HEIGHT = 0.15
